0.264958951884 0.122790793644 0.000366649262519
0.231718472041 0.0938307493701 0.000423554146661
0.207178929022 0.0808016045818 0.000438839816215
0.208603547283 0.0703646043099 0.000495536648839
0.173364891273 0.0507936029851 0.000546806350987
0.140060384739 0.0286041937724 0.000660815637465
0.157856525613 0.0247823360664 0.00072861924523
0.152314082672 0.0217363168035 0.000750229624648
0.13890312322 0.0287441547064 0.000657087725349
0.112722485386 0.0336646761064 0.000540059718854
0.10160780698 0.0399674827287 0.000435389003109
0.0808009258752 0.0503473157787 0.000232207536391
0.0717044774739 0.052863699041 0.000151248729491
0.062678907312 0.0460434464876 0.00015300865225
0.0624571372013 0.0494481360771 0.000116250117114
0.0647421642678 0.0518221950983 0.000110839790479
0.0673304054681 0.0499231512149 0.000148458219483
0.0654509110548 0.0526788807155 0.000108118622304
0.0844103598092 0.0693064174979 9.82582550574e-05
0.086139589953 0.0688027503711 0.000111892201613
0.0836833111202 0.0598984358457 0.000165653892483
0.0714729329909 0.0508570996686 0.000168526345281
0.0693348992334 0.0427526802 0.000237155795207
0.0470503687164 0.0243846492492 0.000317291436507
0.0382096228513 0.0174508092573 0.000372954589241
0.0283386731388 0.0160992613592 0.000275427107895
0.0281048843356 0.017041525015 0.000245055132396
0.0270137094857 0.0174330577602 0.000215553398351
0.0323030343001 0.0183087803887 0.000276501721929
0.0359480741062 0.0183321213829 0.000324537385406
0.0366207161286 0.0185230131785 0.000328191494799
0.0366706246482 0.0179079504879 0.000343773616544
0.0380136523638 0.0170250984683 0.000381341392714
0.0349787223324 0.0174118269261 0.000335306570648
0.0308697374101 0.0191578710451 0.000234108060062
0.0282204746609 0.0195806224808 0.000180745896991
0.0263133266204 0.0202776658659 0.000129545657485
0.025550042712 0.0212187353211 9.26110874186e-05
0.0259490883122 0.0201329323199 0.000126213128516
0.0274035684713 0.0186983765465 0.000188824829872
0.0297973869019 0.0163882077058 0.000290332501074
0.0282342033521 0.0131444849216 0.000364673677684
0.0251452332055 0.0109683389516 0.000392564163751
0.0198128779037 0.0102533556933 0.000317948777304
0.015256740751 0.00818633671068 0.000301598800409
0.00975487687557 0.00725050835188 0.000147269143874
0.00833910056444 0.00771501715414 3.88737283009e-05
0.00834359777371 0.00754777298936 5.00790520976e-05
0.00832770410461 0.00733122924501 6.36361901132e-05
0.00891819014762 0.00803804905523 5.19066216194e-05
0.00960732168167 0.00751832450572 0.000121980633787
0.0108947701238 0.00723500345815 0.00020186499567
0.0117793420376 0.00706847387613 0.000249942390301
0.012671211486 0.0065855991603 0.000316023896037
0.0133175706743 0.00666978526674 0.000332599540789
0.0138342098977 0.00672897990582 0.000345531508475
0.0132786429875 0.00689276304633 0.000316580804059
0.0121459866938 0.00685955528846 0.000278152099545
0.0115550908021 0.00707622668148 0.000240394385668
0.0122785683397 0.006378109512 0.000316265246933
0.011086550146 0.00639442748419 0.000268413057958
0.00987519515322 0.00582990165431 0.000257578386717
0.00881170034371 0.00522300492298 0.000255701516529
0.00769165214444 0.00463827255257 0.000247639759926
0.00532276485822 0.0040798913387 0.00013218323562
0.00448504216354 0.00336981079289 0.000141979916982
0.00442125057163 0.00336927137134 0.000135033211893
0.00395805455484 0.0033296980119 8.62208941892e-05
0.00381587067452 0.00351395193747 4.11904561716e-05
0.00395804261139 0.00335428032301 8.25677823312e-05
0.00422881693829 0.00319242578064 0.000139651968936
0.00432143252332 0.00311989646737 0.000161467939054
0.00466178698253 0.00343842649413 0.000151028178692
0.00469011816409 0.00313701603377 0.000198425386745
0.00436953447314 0.00310949281925 0.000168476675459
0.00464248729455 0.00357784927188 0.00012951270475
0.00421740407219 0.00384501361705 4.61884349699e-05
0.00401828221805 0.003989577869 3.58452179856e-06
0.00365744938273 0.00385051698979 -2.57150335373e-05
0.00321767894625 0.00402483066913 -0.000111446413709
0.00307074201847 0.00351810603168 -6.78971513381e-05
0.0025777593699 0.00297797960317 -7.20372636673e-05
0.00243602198797 0.00227594428309 3.3972591414e-05
0.00247792592014 0.00190555235121 0.000130575203869
0.00255402171637 0.0014447997343 0.000277387224147
0.00160295295579 0.00108827610632 0.000191242305128
0.00181188251376 0.00105446826259 0.000264243391779
0.00164011516117 0.000863156759216 0.000310377149053
0.00174584570632 0.000922570253382 0.00030852590652
0.00162715218805 0.000964472920306 0.000255700280725
0.00181878639821 0.00109228744679 0.000249563903256
0.00173349417549 0.00113430987437 0.000208934882127
0.00188900091927 0.0011428445258 0.000246106342485
0.00164045493083 0.0012083211777 0.000151691019813
0.00145859248066 0.00117438487325 0.000107941531281
0.001342144692 0.00114674594472 7.85083701131e-05
0.00153948909397 0.000970840740458 0.000226523361877
0.00159278469271 0.000920885200725 0.000267298221514
0.00184301621178 0.000815675655532 0.000386408281786
0.00201021175294 0.000808271330122 0.000426449401113
0.00208951079416 0.00094604945983 0.000376688729149
0.00191116510457 0.000830844830693 0.000393988460796
0.00158134658526 0.000726487379552 0.000370416251232
0.00119450500314 0.000655011792108 0.000291694140016
0.000995773828536 0.000574653061287 0.000268156875037
0.000751668431807 0.000320467467057 0.000402188719925
0.000624954630906 0.000396949309738 0.000223118154358
0.000595269110752 0.000428371573801 0.000163043086769
0.000617768442182 0.000414959767834 0.00019638146066
0.000591532875977 0.000391118013944 0.000203953269761
0.000612218097511 0.00035990958745 0.000259542562119
0.000591427448939 0.00037036864949 0.000229839567669
0.000561864746333 0.000393358018574 0.000176405686663
0.000489576745771 0.00041431624362 8.32626240432e-05
0.000439994313826 0.000398015794325 5.00930944542e-05
0.000410377969787 0.000408412247274 2.40076453272e-06
0.000397476158296 0.000354264748269 5.74817861434e-05
0.000424270700242 0.000327367387666 0.000128922834186
0.000445523359051 0.000320690465244 0.000162921745665
0.000561229800455 0.000309916922168 0.000288485133171
0.000620732205485 0.000301753507345 0.000345781721824
0.000605786636906 0.000260560007178 0.000398485562431
0.000561281893846 0.000199900933529 0.000474762366307
0.000500697461302 0.000134614928628 0.000576224450328
0.000377208463692 0.000138449997488 0.000463016675142
0.000258727976154 0.000115934408191 0.000381125978827
0.000268017842439 0.000111691010823 0.0004117018349
0.000255467421687 0.000114735656249 0.000380147475333
0.000249527095648 0.00011541678631 0.00036748200468
0.000252770881719 0.000106181157453 0.000408382480857
0.000242925464494 0.000104693112865 0.000397655248113
0.000232703522177 9.4832006742e-05 0.000420936061165
0.00022105310933 8.5559651885e-05 0.000441904168986
0.000204657419218 8.58504582666e-05 0.000408962958183
0.00019053690348 9.03375267126e-05 0.000356740827917
0.000211527457275 7.52820017068e-05 0.000475038222421
0.000227354208711 7.50944181618e-05 0.000503423646269
0.000233588988307 9.31236823322e-05 0.000429935287481
0.000217407103152 0.000108874067673 0.00033263652697
0.000208314710896 0.00011144846087 0.000302931227166
0.000200318153056 0.0001178783359 0.000259084622293
0.00015773955074 0.00011492317001 0.000157030563668
0.000137237836357 9.65525458193e-05 0.000174024654732
0.000138284132997 8.06796407269e-05 0.000263077728751
0.000121807317641 7.04200973273e-05 0.000267325138414
8.54763905519e-05 6.05621762499e-05 0.000170600238332
8.38053260676e-05 5.67011637277e-05 0.000192903277133
7.83741638695e-05 5.62587720864e-05 0.000164264350518
7.65392136308e-05 4.81986716361e-05 0.000227200757285
8.27702701556e-05 4.40452102113e-05 0.00030536540044
8.75128423687e-05 4.45718021647e-05 0.000325102439847
7.85825825727e-05 4.33381139123e-05 0.000289076995756
7.8290229062e-05 4.61047622841e-05 0.000258736034543
7.51451185011e-05 5.4765813956e-05 0.000156871359166
7.32168027914e-05 5.87029338182e-05 0.000110020451421
7.87673584517e-05 5.46034075923e-05 0.000181178766353
9.28077003924e-05 5.39710842974e-05 0.000264592844103
0.00010230145825 4.75097767974e-05 0.000365738133292
0.000102704261282 3.64860562048e-05 0.000475738587804
9.99654268853e-05 3.59000730315e-05 0.000471535112983
9.2340272413e-05 3.60693870636e-05 0.000438213803998
7.6033707705e-05 3.74083705688e-05 0.000340485097981
5.5162377321e-05 3.71201975658e-05 0.000195510146713
4.25836432753e-05 3.50785410578e-05 9.66377945963e-05
3.66119943259e-05 3.02400522309e-05 9.53140916882e-05
2.63528829946e-05 2.2704369374e-05 7.43725635745e-05
2.7448818966e-05 2.00097025924e-05 0.000156749855016
2.95839422785e-05 1.83296673306e-05 0.000234886810651
3.2702687646e-05 1.9612364848e-05 0.000250220962685
3.12550194248e-05 1.61583231892e-05 0.000318406073127
3.27105693576e-05 1.61537056533e-05 0.000338833712372
3.31393651599e-05 1.66975286698e-05 0.000329912946546
3.21654737522e-05 1.80167323974e-05 0.00028194737618
3.76356223816e-05 1.67433182772e-05 0.000384198438795
3.52745306254e-05 1.58577415767e-05 0.000379736479772
3.57664656606e-05 1.38939404971e-05 0.000440441930622
3.45643055674e-05 1.26135508755e-05 0.000465276643471
3.66027067363e-05 1.01867619979e-05 0.000564570307229
3.24373084119e-05 8.83166403557e-06 0.000571994963198
4.02168668091e-05 9.5548663851e-06 0.000616052495185
4.13209590546e-05 1.15783394096e-05 0.000562249793636
3.71330300087e-05 9.77212208327e-06 0.00058332414895
3.2827491359e-05 1.05709654011e-05 0.000512841414636
2.94395289072e-05 9.41215235456e-06 0.000515482880076
2.01330426164e-05 9.45796597056e-06 0.000360754065359
1.30281148729e-05 7.82658341051e-06 0.000249417727925
1.29585079773e-05 8.08831000962e-06 0.000231398303094
1.20221785281e-05 7.01239954609e-06 0.00026319359234
1.21718345482e-05 6.25372088957e-06 0.000321190515999
1.20202206826e-05 4.63089099454e-06 0.000443773955236
1.49527274579e-05 3.91017566912e-06 0.000585411042745
1.59615651831e-05 3.72054617064e-06 0.000621936274644
1.58075723432e-05 3.72107847364e-06 0.00061891084965
1.52633951029e-05 4.16530479226e-06 0.000571221459519
1.54857621059e-05 4.65018839584e-06 0.000538120795892
1.31043341365e-05 5.20289340004e-06 0.00043160225767
1.07341015068e-05 5.46924113914e-06 0.000324924337077
1.03313928077e-05 4.94458091339e-06 0.000352632964201
1.13213940108e-05 5.16615024184e-06 0.000373326899062
1.16610151897e-05 5.10911895989e-06 0.000390688361307
1.22656381565e-05 5.74878190164e-06 0.000361757760384
1.20008734142e-05 5.68309743223e-06 0.000357260031518
9.85614735467e-06 5.58333309105e-06 0.000276745987577
7.47783719733e-06 4.64353007513e-06 0.000233827344597
5.73277292456e-06 3.93298276761e-06 0.000186202736162
3.35753390527e-06 2.79148075504e-06 9.2055911637e-05
3.15637661705e-06 2.12489355949e-06 0.00019530965527
3.28041996381e-06 2.2093227063e-06 0.000195108827841
3.16381505424e-06 2.17932229367e-06 0.000184253687761
3.22085971524e-06 2.38213190135e-06 0.000149692855404
3.55227496052e-06 2.04340801078e-06 0.000269648398144
3.81669676172e-06 1.95450509352e-06 0.000322669647487
3.96096958359e-06 1.63737288446e-06 0.00041505083199
4.46926137976e-06 1.71150728733e-06 0.000446183030132
4.31519159756e-06 1.77531154906e-06 0.000417023025415
4.39159711793e-06 1.66352796629e-06 0.000450538859841
4.66924327297e-06 1.78984344511e-06 0.000445790551133
4.70409841137e-06 2.09304255246e-06 0.00038414031323
4.57557647624e-06 2.05076328779e-06 0.000381026823006
4.48209399461e-06 1.68889561697e-06 0.000452633783793
4.65586341231e-06 2.01117573183e-06 0.000396680988862
